442 351 447 544
443 349 676 351
672 351 675 415
447 544 676 548
672 480 676 548
672 480 767 484
672 408 767 415
763 352 767 415
763 480 767 543
768 544 831 548
768 347 831 351
827 544 831 671
768 667 831 671
763 672 767 735
672 731 767 735
672 672 676 735
448 667 671 671
443 672 447 863
448 864 671 868
672 800 676 863
672 800 767 804
763 800 767 863
768 864 991 868
992 672 996 863
928 667 991 671
928 544 932 671
928 544 991 548
992 480 996 543
992 480 1151 484
1147 480 1151 575
1120 571 1151 575
1115 576 1119 607
1088 603 1119 607
1083 608 1087 671
1088 672 1119 676
1115 672 1119 703
1120 704 1151 708
1147 704 1151 735
1152 736 1215 740
1216 704 1220 735
1216 704 1247 708
1248 672 1252 703
1248 672 1279 676
1280 608 1284 671
1248 603 1279 607
1248 576 1252 607
1216 571 1247 575
1216 416 1220 575
992 411 1215 415
992 352 996 415
928 347 991 351
928 256 932 351
928 256 1215 260
1216 224 1220 255
1216 224 1439 228
1435 224 1439 639
1440 640 1471 644
1467 640 1471 703
1472 704 1503 708
1499 704 1503 767
1504 768 1567 772
1563 768 1567 799
1568 800 1695 804
1696 768 1759 772
1696 768 1700 799
1760 704 1764 767
1760 704 1791 708
1792 640 1796 703
1792 640 1823 644
1824 96 1828 639
1440 91 1823 95
1435 96 1439 159
1216 155 1439 159
1216 128 1220 159
768 123 1215 127
763 128 767 255
768 256 831 260
827 256 831 351